01,79731104324,1704068647,1704068869
02,79101952523,1704081486,1704086468
02,79125317479,1704108323,1704110014
01,79389348794,1704121733,1704122444
02,79288394830,1704154702,1704159043
01,79288394830,1704183016,1704185610
02,79228986598,1704209275,1704213396
02,79124157373,1704226987,1704231454
01,79124157373,1704263032,1704266957
02,79525306998,1704272632,1704273066
01,79228986598,1704300977,1704304918
01,79101952523,1704332315,1704332492
01,79101952523,1704354016,1704354403
01,79124157373,1704363996,1704368627
01,79389348794,1704397190,1704400495
01,79288394830,1704405052,1704407535
02,79124307378,1704416871,1704419581
02,79228986598,1704444535,1704448260
01,79124307393,1704453632,1704456017
01,79124157373,1704492600,1704493507
01,79731703325,1704497481,1704498043
01,79124307378,1704506204,1704511154
01,79124519373,1704539112,1704539405
01,79101952523,1704572066,1704575931
01,79125317479,1704598886,1704602219
01,79124157373,1704613308,1704613362
01,79124157373,1704639049,1704641418
02,79731104324,1704673903,1704676185
02,79124519373,1704685527,1704689406
02,79228986598,1704719282,1704722829
01,79124157373,1704731709,1704734211
01,79525306998,1704740604,1704744269
02,79389348794,1704753011,1704757867
01,79389348794,1704789043,1704789443
01,79389348794,1704805081,1704808579
02,79124157373,1704835109,1704835545
02,79101952523,1704856779,1704857069
02,79731104324,1704860923,1704865065
02,79731703325,1704899214,1704902984
02,79101952523,1704909768,1704911397
02,79731703325,1704920727,1704921053
01,79124307393,1704952462,1704954565
01,79124307378,1704956129,1704958938
02,79124307393,1704971070,1704975489
01,79389348794,1704985710,1704990465
02,79124157373,1705021092,1705023445
02,79124157373,1705025851,1705028677
01,79731104324,1705064192,1705067405
01,79228986598,1705072197,1705076151
02,79288394830,1705102530,1705103741
02,79124307378,1705106530,1705108250
01,79288394830,1705111122,1705112004
01,79101952523,1705146274,1705149399
01,79124307393,1705164427,1705165866
02,79124307378,1705202995,1705207792
01,79731703325,1705211575,1705213463
01,79389348794,1705244380,1705246618
01,79288394830,1705268462,1705268530
01,79124307393,1705301969,1705306345
02,79124307378,1705339107,1705342369
01,79124307393,1705341702,1705342251
02,79288394830,1705379774,1705381651
02,79125317479,1705411522,1705416482
01,79124519373,1705428004,1705429316
01,79228986598,1705443296,1705448010
02,79124519373,1705452358,1705452961
01,79731703325,1705472973,1705473114
01,79228986598,1705508094,1705512325
02,79731104324,1705543178,1705543899
01,79124307393,1705580230,1705582250
02,79731703325,1705615592,1705620535
02,79525306998,1705623635,1705625780
02,79731104324,1705643382,1705645354
01,79124157373,1705672060,1705675347
02,79125317479,1705707279,1705709614
01,79525306998,1705710639,1705712091
02,79228986598,1705722088,1705726955
01,79124307393,1705753172,1705755521
02,79124519373,1705771676,1705775374
02,79124307393,1705806380,1705810790
01,79288394830,1705809744,1705809759
02,79731104324,1705812561,1705815310
02,79389348794,1705844459,1705847632
02,79389348794,1705875043,1705878948
01,79228986598,1705908007,1705910460
02,79731703325,1705938849,1705939613
01,79125317479,1705944993,1705948931
02,79125317479,1705956730,1705960548
01,79228986598,1705981819,1705985425
01,79525306998,1705987424,1705988182
01,79124157373,1706005803,1706006197
02,79525306998,1706031589,1706031977
02,79389348794,1706063375,1706066203
02,79124157373,1706070645,1706071762
01,79101952523,1706096234,1706099189
01,79124307378,1706109646,1706110538
02,79288394830,1706140643,1706144387
02,79125317479,1706176299,1706178928
02,79288394830,1706179587,1706182068
01,79124307378,1706183875,1706185133
02,79731104324,1706200303,1706204974
02,79288394830,1706208663,1706211072
01,79731703325,1706235672,1706236394
02,79124519373,1706248601,1706250084
01,79124307378,1706252183,1706253282
01,79124307378,1706282240,1706285206
01,79124157373,1706307889,1706309731
02,79124519373,1706319526,1706320508
01,79101952523,1706339097,1706343592
02,79731104324,1706364648,1706367794
02,79124307378,1706373920,1706374854
01,79101952523,1706382577,1706382919
01,79124519373,1706409756,1706412583
01,79124519373,1706439129,1706441073
02,79228986598,1706467850,1706471422
02,79228986598,1706495440,1706498587
02,79124307393,1706516454,1706517540
02,79525306998,1706549420,1706551646
01,79124307393,1706567839,1706571695
01,79389348794,1706596175,1706598307
02,79124307393,1706613313,1706617723
02,79124157373,1706639782,1706641064
01,79228986598,1706658635,1706661134
02,79124307378,1706696772,1706698009
02,79288394830,1706704728,1706706185
01,79124157373,1706740620,1706744523
01,79731703325,1706763620,1706765752
01,79288394830,1706793284,1706798108
02,79731703325,1706798060,1706799682
02,79228986598,1706823273,1706827930
01,79731104324,1706848315,1706851092
01,79731703325,1706851759,1706854138
02,79124157373,1706875734,1706880373
01,79101952523,1706888640,1706892425
02,79124157373,1706894214,1706895086
02,79125317479,1706899948,1706903610
01,79101952523,1706923543,1706927495
01,79125317479,1706942868,1706946388
02,79731703325,1706967041,1706969311
01,79124157373,1706987412,1706991451
02,79125317479,1706993872,1706995442
02,79124307393,1707008071,1707012960
02,79124307378,1707032003,1707036860
01,79288394830,1707069232,1707070644
02,79731703325,1707077985,1707079105
01,79124519373,1707086355,1707090465
01,79731703325,1707114047,1707115289
02,79389348794,1707133747,1707136991
01,79124157373,1707164017,1707168300
01,79124307393,1707170166,1707171010
01,79124157373,1707202191,1707206114
02,79124307393,1707217096,1707217682
01,79731104324,1707224552,1707227604
02,79124519373,1707248860,1707253559
02,79101952523,1707266310,1707266685
02,79731703325,1707275459,1707276337
01,79124519373,1707303005,1707307772
01,79731703325,1707331361,1707332439
02,79731703325,1707357220,1707357284
02,79125317479,1707361624,1707363777
02,79124307378,1707385982,1707386222
02,79389348794,1707399980,1707401950
01,79228986598,1707418280,1707420633
02,79731703325,1707437275,1707437464
02,79124519373,1707438917,1707442347
02,79228986598,1707457513,1707460096
02,79101952523,1707476836,1707479568
02,79525306998,1707489030,1707493805
02,79124519373,1707507671,1707511116
01,79389348794,1707515594,1707517810
01,79124307393,1707552411,1707553650
01,79731104324,1707583214,1707586536
01,79731703325,1707590051,1707590891
01,79288394830,1707609719,1707613407
01,79124157373,1707628740,1707630189
02,79731703325,1707655826,1707659715
01,79731703325,1707671159,1707674115
01,79389348794,1707677949,1707680737
02,79288394830,1707708487,1707709793
02,79525306998,1707724761,1707728705
02,79124307378,1707734964,1707736116
02,79125317479,1707768723,1707769337
01,79389348794,1707792221,1707794900
02,79124307393,1707805442,1707807977
01,79731104324,1707840709,1707845062
01,79389348794,1707848412,1707852568
02,79124307378,1707885309,1707888247
02,79525306998,1707914531,1707916327
01,79731104324,1707937078,1707937761
02,79124307378,1707960202,1707962304
01,79124519373,1707979538,1707981162
02,79124307393,1707984938,1707989797
01,79124307393,1708001544,1708002859
01,79731703325,1708023507,1708027041
01,79124307378,1708033409,1708034287
02,79288394830,1708063655,1708067963
01,79124307378,1708094607,1708097271
02,79101952523,1708111355,1708112082
01,79288394830,1708132170,1708134758
02,79525306998,1708134695,1708136257
02,79228986598,1708164525,1708167612
02,79125317479,1708176168,1708180068
02,79731104324,1708197297,1708199995
02,79124307378,1708220637,1708221784
02,79124307393,1708240138,1708243984
02,79731104324,1708274032,1708277299
02,79731703325,1708286308,1708286340
01,79228986598,1708311439,1708314567
02,79125317479,1708320494,1708321872
01,79389348794,1708326832,1708327725
01,79228986598,1708358486,1708363230
01,79124519373,1708370549,1708373168
02,79125317479,1708400043,1708400293
01,79124307378,1708403384,1708407445
02,79125317479,1708436240,1708438687
02,79525306998,1708464067,1708464163
02,79101952523,1708477829,1708478051
02,79731104324,1708496022,1708500193
01,79101952523,1708498424,1708503193
01,79124157373,1708510949,1708512606
02,79125317479,1708539086,1708543743
02,79525306998,1708573372,1708578135
01,79124157373,1708599242,1708601053
01,79389348794,1708611182,1708615984
01,79124157373,1708623263,1708627928
02,79525306998,1708640548,1708641427
01,79101952523,1708655076,1708656199
01,79124307393,1708691751,1708692508
02,79124157373,1708721118,1708722101
02,79124157373,1708744177,1708746558
01,79124519373,1708770307,1708772597
02,79731703325,1708774416,1708778194
01,79124307378,1708787597,1708787648
02,79124307378,1708812906,1708816520
01,79731703325,1708845202,1708849788
02,79228986598,1708863856,1708867422
01,79288394830,1708869165,1708870317
02,79125317479,1708882882,1708885942
01,79101952523,1708898282,1708899485
02,79124307393,1708920784,1708921551
02,79731104324,1708957769,1708961439
02,79288394830,1708972599,1708972694
02,79731104324,1708977220,1708977668
01,79731703325,1708994857,1708996098
01,79731104324,1708998824,1709002189
01,79731703325,1709038197,1709040657
02,79124519373,1709048924,1709049172
01,79124307393,1709052368,1709056320
02,79124519373,1709066982,1709070611
01,79124519373,1709076367,1709080601
01,79124519373,1709113907,1709117546
02,79125317479,1709133764,1709136655
01,79288394830,1709163582,1709164225
02,79124519373,1709172470,1709175528
02,79124157373,1709179868,1709184576
01,79125317479,1709203237,1709207022
02,79124519373,1709214324,1709216403
01,79124157373,1709233214,1709237584
02,79228986598,1709242712,1709245476
01,79125317479,1709272301,1709276991
02,79124519373,1709292220,1709295214
01,79228986598,1709318078,1709321996
02,79228986598,1709321010,1709323029
02,79124157373,1709355117,1709356201
02,79124519373,1709358353,1709360556
01,79101952523,1709366730,1709369734
02,79124307378,1709396439,1709397242
01,79125317479,1709410073,1709411745
02,79124307393,1709445518,1709447695
01,79124157373,1709464719,1709466593
02,79731703325,1709490527,1709492757
02,79125317479,1709497635,1709502507
02,79124307378,1709498492,1709500471
02,79124157373,1709514206,1709516331
01,79124307378,1709545831,1709550510
01,79101952523,1709569623,1709572382
02,79101952523,1709576820,1709577480
01,79101952523,1709593211,1709597051
02,79731703325,1709621764,1709625506
02,79288394830,1709637795,1709641800
02,79124307393,1709663258,1709666662
01,79124307393,1709692257,1709695720
01,79124519373,1709714203,1709717868
01,79124307378,1709721286,1709722459
02,79228986598,1709749860,1709752060
02,79124307393,1709756703,1709761486
01,79525306998,1709785165,1709789115
01,79124307378,1709806988,1709809608
01,79288394830,1709836275,1709838660
01,79228986598,1709850550,1709853273
02,79525306998,1709876370,1709878975
01,79525306998,1709903820,1709907805
01,79525306998,1709915853,1709915912
01,79731703325,1709947421,1709948235
01,79125317479,1709968963,1709971726
01,79731104324,1709979476,1709980087
01,79101952523,1709982888,1709983125
02,79525306998,1710018495,1710021215
01,79731104324,1710051631,1710051753
01,79288394830,1710071950,1710074673
02,79731703325,1710080034,1710081504
01,79125317479,1710104611,1710108529
02,79228986598,1710115497,1710117246
01,79731104324,1710131944,1710133839
01,79525306998,1710168288,1710169887
02,79525306998,1710178206,1710180168
02,79124519373,1710187710,1710187990
01,79731104324,1710225250,1710227058
02,79124307378,1710227052,1710229168
02,79125317479,1710248137,1710251421
01,79288394830,1710275625,1710277206
01,79525306998,1710306710,1710310206
02,79525306998,1710338593,1710343494
01,79525306998,1710360468,1710363448
02,79124307378,1710381221,1710384014
02,79124157373,1710411447,1710413802
01,79228986598,1710429262,1710432232
01,79124519373,1710440390,1710442275
01,79124519373,1710461030,1710463076
01,79228986598,1710481795,1710485796
02,79125317479,1710494454,1710495618
02,79389348794,1710531358,1710532204
02,79288394830,1710564910,1710569033
02,79288394830,1710594736,1710596045
02,79124307393,1710599301,1710602611
01,79125317479,1710635144,1710636144
02,79125317479,1710640647,1710643692
01,79124157373,1710677516,1710680625
01,79389348794,1710681464,1710684275
02,79124157373,1710690383,1710693862
02,79124519373,1710698186,1710702180
02,79731104324,1710714952,1710718821
02,79125317479,1710743068,1710745238
01,79389348794,1710771444,1710774026
01,79124157373,1710795574,1710800209
01,79124519373,1710822148,1710825086
02,79125317479,1710830018,1710830631
01,79124157373,1710847644,1710850192
01,79731104324,1710880088,1710882159
02,79124519373,1710906351,1710909007
01,79731104324,1710931242,1710931978
01,79101952523,1710957352,1710959845
01,79101952523,1710985961,1710988937
01,79731703325,1711020446,1711022950
01,79101952523,1711031748,1711033778
01,79124307393,1711047881,1711052759
02,79124519373,1711065812,1711070785
02,79731104324,1711104339,1711106420
02,79288394830,1711137910,1711138723
02,79101952523,1711158746,1711159682
01,79731104324,1711184501,1711185821
02,79124307378,1711224184,1711226386
01,79288394830,1711252361,1711254971
01,79125317479,1711258114,1711260273
01,79125317479,1711288220,1711292317
01,79124157373,1711313642,1711315963
01,79525306998,1711351661,1711355181
02,79101952523,1711355547,1711355691
02,79125317479,1711373946,1711374449
02,79731703325,1711397049,1711398164
02,79125317479,1711427751,1711432250
01,79124307393,1711443423,1711446676
01,79124307378,1711452233,1711454480
02,79124307378,1711480231,1711484160
02,79124519373,1711510922,1711512652
01,79389348794,1711531500,1711534970
01,79124519373,1711565494,1711568963
01,79228986598,1711574647,1711577274
02,79288394830,1711592113,1711595258
02,79389348794,1711615343,1711616172
01,79228986598,1711625211,1711628436
01,79124307393,1711653708,1711655599
01,79288394830,1711671783,1711673964
01,79288394830,1711681160,1711685102
01,79389348794,1711705462,1711707954
01,79389348794,1711739989,1711742316
02,79389348794,1711748185,1711752394
02,79124307393,1711755246,1711756327
01,79124307378,1711782757,1711784414
02,79731104324,1711799309,1711800857
02,79288394830,1711824047,1711827390
01,79228986598,1711848026,1711849391
02,79101952523,1711873017,1711877544
02,79228986598,1711901115,1711902711
01,79101952523,1711933956,1711935812
01,79389348794,1711941218,1711943820
02,79731104324,1711946328,1711950171
02,79288394830,1711965204,1711968232
02,79525306998,1712000998,1712003643
01,79124519373,1712032711,1712033265
01,79124307393,1712047261,1712049432
01,79525306998,1712064029,1712067449
02,79124157373,1712072765,1712077340
02,79124519373,1712081201,1712082423
01,79228986598,1712085737,1712087062
01,79124307378,1712114401,1712115284
02,79124307378,1712136794,1712139859
02,79288394830,1712171420,1712175237
02,79124307393,1712180564,1712183035
02,79731104324,1712215157,1712215707
02,79389348794,1712242834,1712247217
02,79124519373,1712254693,1712256384
02,79125317479,1712269805,1712274510
02,79731104324,1712292992,1712295925
01,79124307378,1712305201,1712305831
02,79124157373,1712322969,1712327140
01,79124519373,1712332806,1712335635
01,79124519373,1712351362,1712355884
01,79389348794,1712386426,1712389350
01,79124519373,1712390132,1712390805
02,79124519373,1712426249,1712430712
02,79228986598,1712440297,1712443415
02,79731104324,1712461143,1712465816
02,79525306998,1712486489,1712491240
01,79124307393,1712491797,1712495653
01,79124157373,1712522566,1712526320
01,79101952523,1712543042,1712545317
01,79125317479,1712566561,1712570148
01,79124157373,1712600146,1712600511
02,79288394830,1712624985,1712627168
01,79124519373,1712653548,1712658076
02,79125317479,1712659862,1712664705
02,79101952523,1712690066,1712693336
01,79525306998,1712713897,1712717867
01,79525306998,1712719852,1712720633
01,79731703325,1712743197,1712746875
02,79124307393,1712782153,1712783386
02,79228986598,1712798356,1712802667
01,79288394830,1712812243,1712814263
02,79228986598,1712823937,1712825524
01,79288394830,1712839076,1712839273
02,79125317479,1712862154,1712867050
02,79124157373,1712864328,1712865827
01,79124307393,1712876615,1712878607
02,79731104324,1712897303,1712897994
01,79731703325,1712907979,1712910029
01,79228986598,1712923718,1712926142
02,79101952523,1712937528,1712940681
01,79125317479,1712962553,1712964720
02,79389348794,1712979940,1712981313
02,79124157373,1713010860,1713013125
02,79124307393,1713028257,1713032683
02,79101952523,1713050102,1713051619
02,79124307393,1713055603,1713057408
02,79124307378,1713078432,1713082961
01,79731104324,1713094186,1713097420
01,79389348794,1713128629,1713133357
02,79731104324,1713158030,1713161519
02,79101952523,1713187289,1713192286
01,79731703325,1713203933,1713204091
01,79101952523,1713222882,1713227694
01,79124307393,1713255007,1713257862
01,79731703325,1713259709,1713262523
02,79125317479,1713283046,1713283965
02,79525306998,1713288991,1713292339
01,79288394830,1713308436,1713309430
01,79288394830,1713323411,1713324634
02,79125317479,1713349884,1713349941
01,79525306998,1713376650,1713379912
02,79228986598,1713408825,1713412770
02,79731104324,1713426198,1713428757
02,79288394830,1713445662,1713446199
02,79389348794,1713462632,1713466115
01,79124157373,1713478374,1713481075
02,79389348794,1713500045,1713501390
02,79125317479,1713522215,1713522280
02,79288394830,1713536579,1713540406
02,79731703325,1713556279,1713561126
01,79228986598,1713564715,1713568890
01,79525306998,1713582953,1713583444
02,79731703325,1713593816,1713596686
02,79101952523,1713629845,1713630440
02,79124307378,1713640570,1713645456
02,79731703325,1713644945,1713648552
02,79124519373,1713666256,1713669974
02,79288394830,1713679431,1713681315
02,79731703325,1713688511,1713688962
02,79525306998,1713710409,1713713044
02,79124307378,1713721939,1713724379
01,79124307378,1713725868,1713729633
02,79288394830,1713750567,1713754931
01,79101952523,1713753875,1713754929
02,79228986598,1713757148,1713758407
02,79731104324,1713788483,1713788596
01,79731703325,1713827318,1713827504
01,79228986598,1713832231,1713833968
02,79228986598,1713858453,1713859373
01,79124157373,1713886277,1713889557
02,79124307378,1713899584,1713900427
01,79228986598,1713903227,1713903613
01,79731703325,1713925514,1713930178
01,79124307393,1713963768,1713967886
02,79731703325,1713996307,1714000520
01,79389348794,1714007217,1714007583
01,79228986598,1714016088,1714020700
02,79124519373,1714031716,1714033485
01,79731104324,1714039906,1714042599
02,79288394830,1714072672,1714073938
01,79124519373,1714075070,1714078004
02,79389348794,1714083955,1714085505
02,79124307393,1714099909,1714100323
02,79288394830,1714131066,1714131471
02,79389348794,1714165386,1714169191
02,79125317479,1714183675,1714188268
02,79731703325,1714191721,1714195678
01,79124307378,1714195639,1714195813
02,79101952523,1714230675,1714231306
01,79125317479,1714250233,1714251088
02,79525306998,1714271112,1714272394
01,79124307393,1714275172,1714277969
02,79101952523,1714285823,1714287686
01,79389348794,1714292953,1714294922
01,79525306998,1714307767,1714312409
02,79124307378,1714329344,1714332257
02,79288394830,1714358708,1714362986
01,79731104324,1714371759,1714373551
01,79525306998,1714397024,1714398729
02,79228986598,1714427806,1714431891
01,79731703325,1714451216,1714455335
02,79731104324,1714464867,1714466250
01,79731703325,1714491690,1714495822
01,79731104324,1714502536,1714506215
02,79124519373,1714511750,1714516674
01,79124157373,1714533979,1714538708
02,79389348794,1714564476,1714568902
02,79125317479,1714569821,1714572251
02,79124519373,1714577439,1714580820
02,79101952523,1714612413,1714616740
02,79731104324,1714624288,1714624539
02,79731703325,1714642042,1714644265
02,79124307393,1714651189,1714655252
01,79124157373,1714672674,1714674095
02,79101952523,1714701408,1714701713
01,79228986598,1714704304,1714709204
02,79731703325,1714730348,1714734245
02,79228986598,1714761324,1714766214
02,79124307393,1714764704,1714766468
01,79731703325,1714770380,1714772438
01,79124519373,1714806183,1714806417
01,79124307378,1714838475,1714841069
01,79124307393,1714868763,1714870894
02,79124307378,1714884490,1714889023
01,79389348794,1714900374,1714904806
01,79101952523,1714927536,1714929762
02,79731104324,1714965333,1714969362
01,79124157373,1714967974,1714972047
01,79124519373,1714998902,1714999664
02,79731104324,1715008978,1715013017
01,79124157373,1715015898,1715017128
02,79124307378,1715024437,1715025621
02,79389348794,1715056058,1715059007
01,79124307393,1715082694,1715085857
01,79525306998,1715094707,1715095360
01,79525306998,1715122638,1715125504
01,79525306998,1715149969,1715151237
02,79125317479,1715186198,1715190251
01,79389348794,1715205684,1715208023
01,79124157373,1715242110,1715243060
02,79389348794,1715265711,1715266745
01,79101952523,1715276675,1715279439
02,79389348794,1715294627,1715297314
01,79124157373,1715329464,1715331956
01,79288394830,1715359204,1715364166
02,79525306998,1715379223,1715381942
01,79288394830,1715380998,1715382595
01,79124519373,1715420170,1715421830
02,79288394830,1715427837,1715431851
01,79125317479,1715429886,1715431817
02,79288394830,1715466773,1715468779
01,79731703325,1715489996,1715494962
01,79124519373,1715493191,1715494852
01,79731104324,1715516270,1715520472
02,79389348794,1715533284,1715537005
02,79101952523,1715551255,1715554637
02,79731104324,1715566879,1715568309
01,79124519373,1715600179,1715602487
02,79731703325,1715608968,1715611720
02,79101952523,1715621174,1715624769
02,79124519373,1715633274,1715637988
01,79125317479,1715664393,1715667166
02,79101952523,1715668867,1715670401
02,79124307393,1715691994,1715696031
01,79124307378,1715706882,1715708208
02,79731703325,1715732205,1715735919
02,79124157373,1715755599,1715756067
02,79731703325,1715765241,1715769570
01,79124157373,1715786246,1715787973
01,79124157373,1715820086,1715820454
01,79124157373,1715826247,1715829122
02,79731104324,1715830110,1715830831
02,79389348794,1715854692,1715855138
02,79124519373,1715878738,1715879893
01,79228986598,1715893429,1715894634
01,79124157373,1715921885,1715924906
02,79228986598,1715926663,1715928195
02,79525306998,1715936408,1715937792
02,79124307378,1715972431,1715977421
01,79124307378,1715986268,1715990043
02,79124307378,1715994818,1715999778
02,79124519373,1716016134,1716019150
02,79124307393,1716029189,1716030756
01,79228986598,1716049405,1716049500
01,79124307393,1716056332,1716060703
02,79124157373,1716076747,1716081084
02,79731703325,1716105114,1716106443
01,79228986598,1716120690,1716123238
02,79525306998,1716144798,1716145732
02,79288394830,1716151084,1716153614
02,79731104324,1716178293,1716180267
01,79124307378,1716188683,1716191143
02,79124307378,1716221795,1716226333
01,79525306998,1716243465,1716245132
01,79124157373,1716278079,1716280579
01,79124519373,1716282609,1716287601
01,79124519373,1716295186,1716296192
01,79731703325,1716323059,1716326041
02,79125317479,1716329485,1716331713
01,79124519373,1716340745,1716342287
01,79124157373,1716346919,1716348397
01,79228986598,1716368323,1716373200
01,79228986598,1716403009,1716407169
01,79124157373,1716415505,1716415829
02,79525306998,1716416497,1716419680
02,79124307393,1716433047,1716436920
02,79731104324,1716469924,1716472869
01,79101952523,1716508663,1716512980
01,79525306998,1716515346,1716518977
01,79731104324,1716526801,1716529374
01,79124307393,1716535301,1716539692
02,79525306998,1716566277,1716566297
02,79389348794,1716572065,1716572347
01,79124519373,1716592668,1716594369
01,79731703325,1716594799,1716597553
01,79125317479,1716629735,1716632145
02,79124157373,1716647459,1716650604
02,79101952523,1716650230,1716650891
02,79124307393,1716668186,1716670480
01,79525306998,1716681087,1716683867
02,79228986598,1716708225,1716711557
01,79525306998,1716711242,1716711715
02,79525306998,1716740856,1716741717
01,79731104324,1716756915,1716760537
02,79124157373,1716771080,1716771542
02,79124307378,1716776089,1716777967
02,79731104324,1716793851,1716795920
01,79228986598,1716814022,1716816500
02,79124519373,1716822695,1716825415
02,79288394830,1716826100,1716826464
02,79389348794,1716840589,1716842838
02,79101952523,1716854092,1716858890
01,79525306998,1716859090,1716859489
02,79228986598,1716887164,1716891157
02,79525306998,1716916302,1716921001
01,79124307393,1716941534,1716943776
02,79731104324,1716948222,1716951021
01,79525306998,1716984464,1716986338
01,79731703325,1717002949,1717007884
02,79731703325,1717015540,1717017094
01,79124307393,1717024764,1717027110
01,79124307393,1717056473,1717059545
01,79124307393,1717075968,1717079500
01,79389348794,1717100566,1717104938
01,79124307378,1717112052,1717114814
02,79228986598,1717151791,1717152252
02,79101952523,1717168322,1717170623
01,79389348794,1717205430,1717205799
02,79228986598,1717242298,1717245868
01,79124157373,1717242665,1717245610
01,79124307378,1717265638,1717270515
02,79525306998,1717270706,1717271188
02,79124307393,1717297666,1717302229
01,79288394830,1717307069,1717308530
02,79525306998,1717317693,1717321853
01,79389348794,1717346328,1717348006
01,79124307378,1717375586,1717378693
02,79731104324,1717389448,1717391115
01,79288394830,1717409473,1717414333
01,79124157373,1717441413,1717443951
01,79389348794,1717460614,1717462927
01,79124157373,1717496445,1717499380
02,79124307378,1717530591,1717530901
02,79731104324,1717540283,1717541272
01,79125317479,1717567423,1717568620
02,79124157373,1717601886,1717603860
02,79124519373,1717617172,1717620126
01,79228986598,1717645287,1717647951
02,79124157373,1717678299,1717682910
01,79124307378,1717712717,1717712839
02,79731703325,1717733066,1717737822
02,79101952523,1717767588,1717769002
01,79124307393,1717794511,1717797997
02,79525306998,1717825704,1717829703
02,79124519373,1717835407,1717836993
02,79731104324,1717852086,1717854403
02,79731104324,1717867273,1717870819
01,79101952523,1717871303,1717875715
02,79124307393,1717875552,1717878147
01,79228986598,1717902256,1717905777
01,79124157373,1717910349,1717914103
01,79124307378,1717931500,1717934365
02,79731104324,1717947470,1717951399
02,79389348794,1717967905,1717969729
01,79124519373,1717992274,1717996971
02,79731104324,1718010616,1718014537
01,79101952523,1718020859,1718024621
01,79124519373,1718028794,1718033570
02,79731104324,1718043105,1718047181
01,79124157373,1718059073,1718060341
02,79389348794,1718073106,1718074760
01,79731703325,1718077285,1718078166
01,79125317479,1718104293,1718105138
02,79124519373,1718140166,1718145002
02,79228986598,1718177624,1718182577
02,79124307393,1718191491,1718195418
02,79124519373,1718215578,1718217430
01,79101952523,1718250122,1718251692
01,79389348794,1718269659,1718273756
01,79731104324,1718295960,1718297673
01,79125317479,1718312790,1718315317
01,79125317479,1718329172,1718332272
02,79389348794,1718343622,1718347544
02,79731703325,1718351636,1718354531
02,79124157373,1718388868,1718392773
02,79731703325,1718411258,1718415502
02,79525306998,1718421664,1718422341
02,79389348794,1718454170,1718456509
02,79389348794,1718460684,1718465243
01,79389348794,1718475704,1718480224
02,79389348794,1718513212,1718513828
01,79525306998,1718539276,1718541634
02,79125317479,1718573701,1718577122
01,79124157373,1718613418,1718613955
02,79389348794,1718632532,1718633555
01,79124157373,1718669992,1718671973
01,79288394830,1718687785,1718689025
01,79525306998,1718693899,1718698461
02,79124307393,1718715916,1718718869
02,79389348794,1718734100,1718734547
02,79124519373,1718765777,1718770230
02,79288394830,1718788758,1718789133
01,79124519373,1718807465,1718808199
02,79731703325,1718824226,1718826616
02,79124519373,1718854320,1718856032
02,79125317479,1718878953,1718881824
01,79124307393,1718894549,1718895178
01,79124307393,1718920097,1718922529
02,79124519373,1718931643,1718934475
02,79124307378,1718967517,1718971588
02,79124307378,1718973626,1718978597
02,79124307393,1718976317,1718978862
01,79228986598,1719004657,1719008887
02,79124307393,1719039088,1719040141
02,79124519373,1719044615,1719049485
02,79124307378,1719075264,1719075519
01,79389348794,1719098763,1719100920
01,79288394830,1719126605,1719130402
01,79124157373,1719137126,1719141686
02,79124307378,1719150128,1719152144
01,79124307378,1719187509,1719188641
01,79124157373,1719224399,1719227330
01,79731703325,1719258857,1719263497
02,79731703325,1719288000,1719289036
02,79125317479,1719313095,1719315031
01,79101952523,1719329503,1719331292
01,79731104324,1719354150,1719355137
02,79124519373,1719370843,1719372957
01,79288394830,1719401239,1719403364
01,79124157373,1719422909,1719424041
01,79101952523,1719447519,1719451871
01,79124307378,1719452579,1719455732
02,79228986598,1719477261,1719480288
02,79125317479,1719513394,1719517497
02,79124307378,1719522561,1719525762
01,79124307378,1719529888,1719531446
01,79125317479,1719545636,1719545762
01,79101952523,1719558434,1719559526
01,79124157373,1719560672,1719565430
02,79124519373,1719575855,1719580347
02,79731703325,1719587121,1719589791
02,79731104324,1719603813,1719604424
02,79124519373,1719635341,1719635642
01,79288394830,1719641010,1719642295
02,79731104324,1719660170,1719663600
01,79101952523,1719679469,1719683781
02,79389348794,1719709983,1719710235
02,79124307393,1719730355,1719735150
02,79124157373,1719755580,1719759037
02,79731104324,1719780096,1719780205
02,79731703325,1719796083,1719796763
01,79124519373,1719811743,1719812290
02,79389348794,1719835881,1719840272
01,79525306998,1719867462,1719867840
01,79124307378,1719895644,1719897811
02,79288394830,1719899712,1719903550
02,79525306998,1719923904,1719923966
01,79124157373,1719943449,1719946851
02,79731104324,1719968119,1719968311
02,79124519373,1719978430,1719981275
01,79124519373,1720011133,1720014153
01,79731703325,1720035800,1720039570
02,79125317479,1720054622,1720054633
01,79731104324,1720082986,1720083195
02,79124519373,1720113218,1720117115
01,79124307393,1720132211,1720135131
02,79101952523,1720153326,1720156177
02,79101952523,1720174705,1720174957
01,79389348794,1720180249,1720181339
02,79101952523,1720209708,1720213066
01,79124157373,1720240173,1720244517
01,79124307393,1720252937,1720253480
01,79125317479,1720254825,1720258954
02,79389348794,1720281122,1720284403
02,79125317479,1720289948,1720290694
01,79731703325,1720315218,1720317394
02,79525306998,1720342996,1720345213
01,79389348794,1720347314,1720352020
01,79731703325,1720377646,1720379703
02,79288394830,1720402741,1720403540
01,79124157373,1720415185,1720419975
01,79124157373,1720430712,1720434104
02,79731104324,1720451818,1720453322
01,79228986598,1720481035,1720482840
02,79101952523,1720514046,1720514256
02,79731104324,1720524552,1720528088
01,79525306998,1720563518,1720565487
01,79288394830,1720584117,1720584439
02,79389348794,1720617191,1720620546
01,79124519373,1720624206,1720624768
01,79389348794,1720633080,1720637850
01,79228986598,1720646042,1720647051
01,79124157373,1720668990,1720673430
02,79124157373,1720705166,1720709391
01,79731104324,1720712858,1720713471
01,79389348794,1720727626,1720728532
02,79525306998,1720743775,1720743810
02,79389348794,1720772447,1720777158
02,79125317479,1720808418,1720809921
01,79731703325,1720817857,1720821685
01,79124519373,1720835012,1720836637
02,79228986598,1720845697,1720849762
01,79228986598,1720879366,1720880101
02,79288394830,1720884048,1720884573
02,79124307378,1720901180,1720904633
02,79731703325,1720915547,1720918041
01,79731703325,1720922655,1720923638
02,79731703325,1720950409,1720953167
01,79731104324,1720978649,1720981029
02,79525306998,1720996909,1720998316
01,79731703325,1721028618,1721033137
02,79125317479,1721065156,1721069923
01,79124307393,1721077551,1721080529
02,79124307378,1721100335,1721101650
01,79525306998,1721128270,1721128859
01,79124157373,1721145206,1721149986
01,79288394830,1721183782,1721184824
01,79124307393,1721185198,1721187352
01,79124307378,1721219098,1721223884
02,79124307378,1721252281,1721256484
02,79389348794,1721255871,1721260698
02,79228986598,1721257250,1721260077
02,79124519373,1721273906,1721276912
01,79124519373,1721289888,1721290891
01,79228986598,1721297290,1721301704
01,79288394830,1721303887,1721306732
02,79731104324,1721320308,1721321320
02,79124307393,1721328452,1721328822
02,79101952523,1721352647,1721353060
02,79124519373,1721368586,1721370736
02,79124307393,1721392894,1721393959
02,79125317479,1721400118,1721404697
01,79124519373,1721428388,1721431099
01,79101952523,1721455827,1721456198
02,79124307378,1721468684,1721471683
01,79124157373,1721496375,1721496840
02,79124519373,1721508591,1721511374
02,79228986598,1721522580,1721526336
01,79101952523,1721548018,1721549281
01,79124519373,1721579742,1721580226
01,79525306998,1721589633,1721592811
02,79525306998,1721602944,1721606394
02,79288394830,1721621739,1721626303
01,79525306998,1721623704,1721624687
02,79731104324,1721629109,1721629837
01,79124519373,1721645535,1721650047
01,79288394830,1721664576,1721665738
02,79731703325,1721669386,1721673526
01,79125317479,1721674042,1721675245
02,79124307378,1721706364,1721710208
01,79525306998,1721743553,1721744271
01,79124307393,1721760040,1721764612
01,79101952523,1721764486,1721766841
01,79389348794,1721797050,1721799626
01,79124157373,1721802621,1721807037
02,79525306998,1721830385,1721832511
02,79389348794,1721852642,1721854940
01,79731703325,1721875893,1721880270
01,79228986598,1721885982,1721887201
02,79124519373,1721909402,1721912765
02,79288394830,1721947492,1721952336
01,79124519373,1721985213,1721985544
